[welcome_smiles.jpg]
backuphash=25585
text=1;138;17;Smiles and Smallz;Arial;0.188636,1.048310,0.054638,0.000000;v1,4278190080,4278190080,128.000000,1.000000,0.000000,1.000000,400,0,49152;;
textactive=1
filters=Polaroid=1,5.000000,ffff901c;
